1 0.19593550625 0.5074760765625 0.20060805468749998 0.5207668796875 0.221790271875 0.5560705734375 0.23269288281249997 0.5681153640625001 0.24546451406249997 0.573930090625 0.25449810624999997 0.5672846890625001 0.2604166671875 0.5544092234375 0.2594821578125 0.513706140625 0.25667862812500003 0.486293859375 0.2482680421875 0.47051103124999993 0.243283990625 0.4605429296875 0.227397328125 0.45182084062500005 0.213379684375 0.45680489062499996 0.2031000796875 0.4659423171875 0.19842753125 0.47383373281249996 0.19344348125 0.487539871875 0.19593550625 0.5074760765625
1 0.44638407031250005 0.4597122546875 0.45230263125 0.47051103124999993 0.46133622343749997 0.48089447031250004 0.466631778125 0.48712453437500003 0.4700583140625 0.5004153375 0.48158393125 0.5116294531250001 0.497159090625 0.514952153125 0.5043236640625001 0.5103834390624999 0.507438696875 0.4946006109375 0.509930721875 0.4655269796875 0.5089962124999999 0.45514354062500006 0.511176734375 0.437284025 0.507438696875 0.41070241875 0.5030776515625 0.396580940625 0.4871909890625 0.3845361515625 0.4713043265625 0.3837054765625 0.4547946578125 0.395334928125 0.4454495609375 0.41319444375 0.4435805421875 0.43562267343750005 0.44638407031250005 0.4597122546875
1 0.6203572 0.44978531093749996 0.62183894375 0.4649320375 0.6265311359375 0.4741517828125 0.6331989890624999 0.47546889062500003 0.6401137984374999 0.4702004640625 0.6480164375 0.458017228125 0.65567211875 0.44287050156249996 0.6583886515625 0.42904088281249997 0.6546842890625 0.415540540625 0.6457938203125 0.4089550078125 0.6334459453125 0.406650071875 0.6245554765625 0.411918496875 0.6213450296875 0.42015041406250003 0.6193693687499999 0.432992203125 0.6203572 0.44978531093749996
1 0.68659776875 0.53813256875 0.6917780421875 0.5551123546875 0.6956632484374999 0.56374614375 0.707750553125 0.569214209375 0.7178952546875 0.5643217296875 0.7304142484375 0.546190771875 0.7323568515625001 0.53813256875 0.739695571875 0.5263330578125001 0.742285709375 0.5030218265624999 0.745091690625 0.4880565921875 0.7416381750000001 0.47309135625 0.7230755281250001 0.4578383296875 0.7096931546875 0.45582377812499997 0.6984692296875 0.4587017078125 0.6971741609375 0.47798383749999995 0.6870294578125 0.4949636234375 0.6868136140625001 0.51971381875 0.68659776875 0.53813256875
1 0.7444441562499999 0.5038852046875 0.740990640625 0.530074365625 0.7468184484375 0.54532739375 0.7513511875 0.5559757328125 0.7576106859375 0.5709409671875 0.7668920078125 0.58015034375 0.772503971875 0.5807259296875 0.7828645187500001 0.5781357921875 0.7955993578125 0.56345835 0.8113560234375001 0.5450396 0.8197739671875001 0.528059815625 0.8238750171874999 0.5087776859375001 0.8219324140625 0.49841713906249996 0.8169679859375 0.48575424843750004 0.812435246875 0.47827163125 0.79797365 0.469925634375 0.7886923265625 0.467623290625 0.7735831953125001 0.46791108281250005 0.7586899093749999 0.4736669421875 0.7528621015625 0.47827163125 0.7474659828125 0.48748100625 0.7444441562499999 0.5038852046875
1 0.7314934734375 0.4161083484375 0.7293350249999999 0.43452709843750004 0.7308459390625 0.4483411609375 0.7336519203125 0.4610040515625 0.7412064859374999 0.46906225468749996 0.7519987218749999 0.47021342656250004 0.7655969406249999 0.46388198125 0.7753099531250001 0.45208247031250004 0.772503971875 0.42963461875000003 0.764301871875 0.392509325 0.7524304109375 0.3930849109375 0.7425015546875 0.3985529765625 0.7349469890625 0.4066111796875 0.7314934734375 0.4161083484375
0 0.2110073234375 0.44876834375 0.21333478125 0.46031943125 0.217213878125 0.45859538750000006 0.21514502656249998 0.4508371953125 0.212429659375 0.443079003125 0.20842125937499997 0.4210112546875 0.20777474375 0.4172183609375 0.20531798281250002 0.4185975953125 0.20829195625 0.435320809375 0.2110073234375 0.44876834375
0 0.4521655703125 0.378106725 0.4551809203125 0.389437134375 0.45915570156249996 0.4005847953125 0.4658717109375 0.39455409375 0.459841009375 0.3848684203125 0.455866228125 0.37043128593749997 0.455043859375 0.34777046718750004 0.448876096875 0.3474049703125 0.44928728125 0.35069444375000003 0.4499725875 0.36641081875000003 0.4521655703125 0.378106725
0 0.640931371875 0.4123667015625 0.6401251296875 0.4181716546875 0.6465750781249999 0.4166666671875 0.6454463359375 0.4080667359375 0.6452850875 0.403551771875 0.64931630625 0.380761953125 0.6499613 0.3775369796875 0.6467363265625 0.37581699375 0.6465750781249999 0.3783969734375 0.6436726 0.3951668390625 0.640931371875 0.4123667015625
0 0.717060609375 0.44335622187499996 0.716564459375 0.452452303125 0.7147038984375 0.4622099171875 0.7223942203125 0.46187915156250003 0.720657696875 0.455429203125 0.720781734375 0.4445139046875 0.7215259578125 0.42516406093750003 0.7225182578125 0.41474491249999995 0.718673096875 0.4154064453125 0.7175567593750001 0.43326784218750003 0.717060609375 0.44335622187499996
0 0.7798321234375 0.471800009375 0.7797139671875 0.481725146875 0.7782960906249999 0.49432849375 0.7821952515625 0.49385586875 0.7878667578125 0.489917321875 0.7847946921875 0.48345810624999996 0.7837312843750001 0.471327384375 0.7826678765625 0.4618748734375 0.78125 0.44990169375000005 0.7788868718749999 0.43651063749999996 0.7749877125 0.437298346875 0.7787687156249999 0.463135209375 0.7798321234375 0.471800009375