1 0.135192384375 0.48587852187499997 0.1464064984375 0.516613503125 0.16478518749999999 0.5382110578125 0.14827551875 0.4451754390625 0.1439144734375 0.4352073359375 0.135192384375 0.4601275921875 0.135192384375 0.48587852187499997
1 0.1694577359375 0.48795520937500003 0.17942583750000002 0.5494251734375 0.197493021875 0.5581472625 0.21182216875 0.5560705734375 0.225528309375 0.5485944968750001 0.237053928125 0.53198099375 0.24421850156249997 0.5074760765625 0.2460875203125 0.4779871078125 0.2448415078125 0.454728203125 0.2345619015625 0.428146596875 0.22023275468749998 0.41817849531249995 0.19967354531249998 0.40987174375 0.1844098890625 0.40737971875 0.16790021875 0.41319444375 0.162604665625 0.4185938328125 0.1610471484375 0.44309875 0.1694577359375 0.48795520937500003
1 0.2205442578125 0.41153309374999997 0.23954595312500002 0.427315921875 0.2485795453125 0.453897528125 0.24920255156249999 0.486293859375 0.2619741828125 0.4929392609375 0.28814045 0.4929392609375 0.3071421453125 0.482140484375 0.31679874375 0.46968035625000004 0.317110246875 0.44559077656249996 0.3255208328125 0.42191653437500004 0.3252093296875 0.41070241875 0.31430671875 0.3899355390625 0.299977571875 0.3762294 0.2812873796875 0.36376927187499997 0.26508921406249997 0.35629319531250003 0.251694578125 0.35504718281250003 0.2336273921875 0.366261296875 0.2295778515625 0.3729066984375 0.2245938 0.3891048640625 0.2205442578125 0.41153309374999997
1 0.6560672515625 0.49512670625000005 0.6461988296875 0.510721246875 0.6341374265625 0.5194931781250001 0.6275584796875 0.5389863546875 0.626096490625 0.5575048734375 0.630116959375 0.57699805 0.6440058484375 0.6081871343749999 0.6578947375 0.6237816765625 0.6721491234375 0.6291423 0.68201754375 0.6203703703125 0.7072368421874999 0.6125731 0.7302631578125001 0.5906432749999999 0.744152046875 0.5618908375 0.7467105265625 0.536062378125 0.7430555562500001 0.504385965625 0.7295321640625 0.48489278750000003 0.71016081875 0.4683235875 0.687134503125 0.46929824531250003 0.67105263125 0.4766081875 0.6630116953125 0.47855750468749997 0.6560672515625 0.49512670625000005
1 0.1109068625 0.8298073609375001 0.1118743546875 0.850447196875 0.1234842625 0.8740970078125001 0.13993163125000002 0.8861369109374999 0.15863648125000002 0.8891468874999999 0.17637383906249998 0.8861369109374999 0.1908862234375 0.8740970078125001 0.1947561921875 0.8697970421875001 0.19056372500000002 0.833247334375 0.16476393125 0.7966976265625 0.1454140859375 0.7704678359375 0.12509675 0.7812177499999999 0.11155185781250002 0.8048675609375 0.1109068625 0.8298073609375001
1 0.1873387515625 0.8048675609375 0.18443627499999998 0.7700378390625 0.17185887500000002 0.759717921875 0.1599264703125 0.760577915625 0.1563789984375 0.7622979015625 0.1873387515625 0.8048675609375
1 0.20056114531250002 0.8177674578125 0.21120356093749998 0.8242174062500001 0.206688596875 0.8001375984375001 0.1970136734375 0.78508771875 0.20056114531250002 0.8177674578125
1 0.6514597734375001 0.76600065 0.651736665625 0.788890365625 0.663643009375 0.7988584671875001 0.6846867796875 0.7995968453125 0.6988082578125 0.78962874375 0.702961634375 0.7722768624999999 0.7015771749999999 0.75197146875 0.6982544749999999 0.7279741859375 0.6954855578125 0.7113606828125 0.6849636718750001 0.703238525 0.66668881875 0.7017617703125001 0.6401072125 0.719482840625 0.6365076203125 0.72982013125 0.6367845125 0.7390498546875001 0.6514597734375001 0.76600065
0 0.17632378437500001 0.421273453125 0.1758954671875 0.4374543125 0.1850328953125 0.43650249687500003 0.186888934375 0.4323145109375 0.1827485375 0.420512 0.1790364578125 0.402237146875 0.1761810125 0.386627375 0.1704701203125 0.387579190625 0.1741822 0.40585404531249997 0.17632378437500001 0.421273453125
0 0.2524093953125 0.38568597968749996 0.253780009375 0.4014600640625 0.2604888046875 0.4047303015625 0.26467278437499997 0.39895929531249996 0.2579639890625 0.3844355953125 0.254140696875 0.37366305 0.25010099218750004 0.365391275 0.2415887578125 0.35442636250000004 0.2363227140625 0.35990881875 0.238715278125 0.362070540625 0.2467826640625 0.37279739843750004 0.2524093953125 0.38568597968749996
0 0.1331646140625 0.7885827078125 0.13787177343749998 0.7984277468750001 0.1435019046875 0.8086419749999999 0.1489474421875 0.8055654000000001 0.14913203749999998 0.8001506296875001 0.1424866359375 0.7963356765625 0.1387024484375 0.7890749593749999 0.1369488015625 0.7803374875 0.1362104234375 0.7743074015625 0.1372256921875 0.762124165625 0.13344150625 0.759047590625 0.1323339390625 0.7626164171875 0.13150326406249999 0.7750457796875 0.1331646140625 0.7885827078125
0 0.7032569843750001 0.46594108749999996 0.6988913250000001 0.4783950625 0.704170728125 0.48448667968750003 0.7081302796875 0.47920727812499997 0.7099577640625 0.468242365625 0.7131051 0.4609324234375 0.720008934375 0.4421160921875 0.7378120781249999 0.399207153125 0.730010121875 0.396114484375 0.7118055562500001 0.44639376249999996 0.7032569843750001 0.46594108749999996