1 0.3776803125 0.8032813515624999 0.3816398640625 0.8211500968750001 0.38834064375 0.83576998125 0.3926047765625 0.8487654328125 0.3996101359375 0.857293696875 0.411793371875 0.8597303437500001 0.4215399609375 0.8536387265625001 0.4273269984375 0.8349577640625 0.4328094546875 0.8227745296875 0.4379873296875 0.8057179984375 0.439510234375 0.7890675765624999 0.44011939531250005 0.7797270953125001 0.4322002921875 0.7557667312499999 0.41605750468749997 0.7472384671875 0.40935672500000003 0.746832359375 0.3926047765625 0.7512995453125 0.3816398640625 0.7651072125 0.37676656875000003 0.78541260625 0.3776803125 0.8032813515624999
1 0.4158201109375 0.6850328953125 0.4091686015625 0.6906766 0.408967040625 0.698739034375 0.410579528125 0.7102951921875 0.41420762343749995 0.7264200640625 0.42166537656249997 0.737438725 0.4258981546875 0.7452324124999999 0.4333559078125 0.7489948828124999 0.44403863593750004 0.7473823953125 0.4599619453125 0.7299137859375 0.46318691875000007 0.7170138890625 0.46641189375 0.7100264453125 0.4662103328125 0.690139103125 0.461372871875 0.676970459375 0.45371355781249995 0.6635330671874999 0.4454495609375 0.660576840625 0.4365808828125 0.6600393453125 0.42831688593750006 0.6635330671874999 0.4232778640625 0.66944551875 0.4186419640625 0.6732079890625 0.4158201109375 0.6850328953125
1 0.3919697125 0.3525061015625 0.39218555781250003 0.363442234375 0.39779752031250004 0.3781196765625 0.40556793124999996 0.393372703125 0.41290665156250006 0.40402104375 0.4206770625 0.40402104375 0.4349228140625 0.381860984375 0.44053477656249995 0.3651689921875 0.442045690625 0.349628171875 0.4327643671875 0.335526315625 0.421540440625 0.330921628125 0.4047045515625 0.3314972140625 0.39477569375 0.3409943828125 0.3919697125 0.3525061015625
1 0.4947118046875 0.43625385625 0.494495959375 0.45035571250000006 0.497301940625 0.46186743124999996 0.502050525 0.47309135625 0.5119793828125 0.47740825156250005 0.52126070625 0.4765448734375 0.5346430796874999 0.4705012203125 0.5402550421875 0.462730809375 0.5443560921875 0.453809228125 0.5462986953125 0.4379806140625 0.5437085578125 0.42618110312499996 0.5376649046875001 0.4169717265625 0.52687266875 0.41179145312500004 0.5154328984375 0.41179145312500004 0.5072307984375 0.4115036609375 0.504208971875 0.41409379687500003 0.4977336296875 0.42157641406249996 0.4947118046875 0.43625385625
1 0.6000440328125001 0.53151333125 0.601770790625 0.5476297375 0.6071669078124999 0.564609521875 0.6160165421875 0.5804381359375 0.6261612453125001 0.5951155781249999 0.637816859375 0.6000080578125 0.648609096875 0.594827784375 0.657027040625 0.581013721875 0.667819278125 0.5585658703124999 0.670841103125 0.5450396 0.668035121875 0.52662085 0.6626390046874999 0.513670165625 0.65745873125 0.525469678125 0.6501200093749999 0.528059815625 0.638896084375 0.5260452640625 0.6311256734375 0.5188504390625 0.6371693265625 0.49985610312500006 0.6440763578124999 0.49208569375 0.629398915625 0.48978335 0.6196859031249999 0.4946758296875 0.6164482312499999 0.49841713906249996 0.611483803125 0.504460790625 0.6030658578125 0.5156847171875001 0.6000440328125001 0.53151333125
1 0.3844284703125 0.506281134375 0.38950481875 0.5635874671875001 0.3905200890625 0.5721608546875 0.4023649015625 0.5586239265625 0.41353286718750004 0.536062378125 0.4213166015625 0.5144032921874999 0.422331871875 0.4990614390625 0.4189476390625 0.48417081875 0.4071028265625 0.4719875828125 0.390181665625 0.46702404218750004 0.3790137 0.47063388906250003 0.3844284703125 0.506281134375
1 0.360400421875 0.5098909828125 0.364123078125 0.5396722265625 0.36818415625 0.556367771875 0.377148228125 0.5697278906250001 0.3756936984375 0.5403389421875 0.3739373515625 0.5148545234374999 0.36818415625 0.47875604687499995 0.36141569218749997 0.49274420625 0.360400421875 0.5098909828125
0 0.4230233515625 0.3083609921875 0.41694819843750003 0.32120278125 0.41295274531250004 0.3366563640625 0.4224076015625 0.3369284453125 0.42043500468749995 0.3286752859375 0.4224076015625 0.31978726874999996 0.42703299843750003 0.310173696875 0.4342431765625 0.300832209375 0.4419294984375 0.2950277890625 0.439026196875 0.2911727515625 0.42954302968749997 0.29848269374999997 0.4230233515625 0.3083609921875
0 0.5295464546875001 0.4010350265625 0.5287876375 0.407990853125 0.5231913578125 0.421270159375 0.52850308125 0.42278779375 0.5307795328125 0.41684372343750004 0.5326765765625 0.4101408359375 0.53343539375 0.39939092187499997 0.533245690625 0.3893998265625 0.5326765765625 0.3844675125 0.5283133765625 0.38547926875 0.5295464546875001 0.39509095625 0.5295464546875001 0.4010350265625
0 0.44011652031250004 0.651610696875 0.4405871171875 0.6610226390625 0.43964592343750003 0.6709051781250001 0.4462342828125 0.6707483125 0.44423424375 0.6585127875000001 0.44317540156249996 0.6483165171875 0.4436459984375 0.6332574109375 0.44023416875 0.6329436796875 0.439881221875 0.643610546875 0.44011652031250004 0.651610696875
0 0.40229659531250006 0.7388026 0.4031348921875 0.7433852859375001 0.41067955625 0.756798021875 0.40883530468749996 0.747856196875 0.40640424687500004 0.7379084171875 0.40363786875 0.7157774015625 0.3994463890625 0.71622449375 0.39961404843750004 0.71879526875 0.40087149218749996 0.7285195015625 0.40229659531250006 0.7388026
0 0.635815584375 0.486347190625 0.635815584375 0.4990044828125 0.634322309375 0.5062575375 0.6408143171875 0.499671928125 0.6394407171875 0.4917090296875 0.6398587703125 0.4704480875 0.6399782140625 0.4610518671875 0.636028909375 0.462454775 0.635922246875 0.4739743328125 0.635815584375 0.486347190625
0 0.4560862484375 0.49005463281250006 0.45374177656250003 0.4955851796875 0.45644693593749996 0.4998332828125 0.46173702499999997 0.498230225 0.45981335625 0.4927798296875 0.46251851562499996 0.48187903906249996 0.46366069374999996 0.47185993125000003 0.4637809234375 0.46969580312500003 0.460637525 0.46356995625 0.45891163593749995 0.47851261875000006 0.4560862484375 0.49005463281250006